==============================================================================================================
  空调系统优化批量测试报告（共 10 条）
  生成时间: 2026-07-07 13:28:19
==============================================================================================================

【输入工况概览】
--------------------------------------------------------------------------------------------------------------
    # | 时间                  |     室外℃ |     室内℃ |     负荷kW |     冷冻水℃ |    冷冻泵Hz |    冷却泵Hz |    冷却塔Hz |     总功率kW
--------------------------------------------------------------------------------------------------------------
12923 | 2026-07-17 00:22:24 |    27.3 |    24.7 |     50.8 |      7.0 |     40.8 |     40.9 |     38.5 |      22.2
13165 | 2026-07-17 00:19:50 |    27.4 |    24.7 |     51.0 |      7.0 |     40.8 |     40.9 |     38.5 |      22.3
12922 | 2026-07-17 00:17:24 |    27.4 |    24.8 |     50.5 |      7.0 |     40.9 |     41.4 |     36.3 |      22.2
13164 | 2026-07-17 00:14:50 |    27.5 |    24.8 |     50.8 |      7.0 |     40.9 |     41.4 |     36.3 |      22.3
12921 | 2026-07-17 00:12:24 |    27.5 |    25.2 |     51.1 |      7.0 |     42.2 |     43.2 |     39.3 |      23.6
13163 | 2026-07-17 00:09:50 |    27.6 |    25.2 |     51.4 |      7.0 |     42.2 |     43.2 |     39.3 |      23.7
 7457 | 2026-07-17 00:08:34 |    27.5 |    24.7 |     51.4 |      7.0 |     40.8 |     40.9 |     38.5 |      22.4
12920 | 2026-07-17 00:07:24 |    27.6 |    24.7 |     51.8 |      6.9 |     41.6 |     41.5 |     36.1 |      23.3
13162 | 2026-07-17 00:04:50 |    27.6 |    24.7 |     52.1 |      6.9 |     41.6 |     41.5 |     36.1 |      23.4
 7456 | 2026-07-17 00:03:34 |    27.6 |    24.8 |     51.3 |      7.0 |     40.9 |     41.4 |     36.3 |      22.5

【寻优输出结果】
--------------------------------------------------------------------------------------------------------------
    # | 状态       |      建议冷冻水℃ |     建议冷冻泵Hz |     建议冷却泵Hz |     建议冷却塔Hz |     预测kW |      节能% |     耗时s
--------------------------------------------------------------------------------------------------------------
12923 | success  |        8.50 |       38.00 |       38.00 |       33.00 |    14.67 |    13.86 |    0.03
13165 | success  |        9.00 |       36.00 |       36.00 |       31.00 |    12.61 |    26.05 |    0.04
12922 | success  |        9.50 |       34.00 |       34.00 |       29.00 |    10.54 |    38.00 |    0.06
13164 | success  |       10.00 |       32.00 |       32.00 |       27.00 |     8.73 |    48.75 |    0.04
12921 | success  |       10.50 |       30.00 |       30.00 |       25.00 |     7.17 |    60.55 |    0.03
13163 | success  |       10.62 |       28.00 |       28.00 |       23.00 |     6.28 |    65.54 |    0.04
 7457 | success  |       10.62 |       26.00 |       26.00 |       21.00 |     5.63 |    67.18 |    0.03
12920 | success  |       10.58 |       25.00 |       25.00 |       20.00 |     5.37 |    69.17 |    0.03
13162 | success  |       10.55 |       25.00 |       25.00 |       20.00 |     5.41 |    69.04 |    0.03
 7456 | success  |       10.62 |       25.00 |       25.00 |       20.00 |     5.33 |    68.92 |    0.03

【变化量统计】
--------------------------------------------------------------------------------------------------------------
    # |      冷冻水Δ℃ |     冷冻泵ΔHz |     冷却泵ΔHz |     冷却塔ΔHz |      功率ΔkW
--------------------------------------------------------------------------------------------------------------
12923 |       1.50 |      -2.84 |      -2.91 |      -5.51 |       7.56
13165 |       2.00 |      -4.84 |      -4.91 |      -7.51 |       9.67
12922 |       2.49 |      -6.92 |      -7.43 |      -7.29 |      11.68
13164 |       2.99 |      -8.92 |      -9.43 |      -9.29 |      13.55
12921 |       3.45 |     -12.18 |     -13.20 |     -14.33 |      16.47
13163 |       3.57 |     -14.18 |     -15.20 |     -16.33 |      17.42
 7457 |       3.62 |     -14.84 |     -14.91 |     -17.51 |      16.81
12920 |       3.66 |     -16.58 |     -16.53 |     -16.12 |      17.97
13162 |       3.63 |     -16.58 |     -16.53 |     -16.12 |      18.03
 7456 |       3.61 |     -15.92 |     -16.43 |     -16.29 |      17.14

【统计摘要】
--------------------------------------------------------------------------------------------------------------
  成功寻优: 10 / 10
  平均节能率: 52.71 %
  平均预测功率: 8.17 kW
  平均寻优耗时: 0.04 秒
==============================================================================================================
